VariantType         TRUTH.FP            TRUTH.FN            TRUTH.TP            QUERY.TP            METRIC.Precision    METRIC.Recall       METRIC.F1_Score     
Overall             11                  22                  439                 439                 0.975556            0.952278            0.963776            
SNP                 2                   1                   401                 401                 0.995037            0.997512            0.996273            
INDEL               9                   21                  38                  38                  0.808511            0.644068            0.716981            
INS                 5                   13                  17                  17                  0.772727            0.566667            0.653846            
DEL                 4                   8                   21                  21                  0.84                0.724138            0.777778            


0.975556 0.952278 0.963776 0.995037 0.997512 0.996273 0.808511 0.644068 0.716981 0.772727 0.566667 0.653846 0.84 0.724138 0.777778
11 22 439 2 1 401 9 21 38 17 17 17 4 8 21
